4.61176490783691
4.51911211013794
4.59031963348389
4.66898965835571
4.68869543075562
4.62127637863159
4.59747314453125
4.54411745071411
4.54054069519043
4.625
4.71900844573975
4.72222232818604
4.50157499313354
4.875
4.59426212310791
4.68599271774292
4.64864873886108
4.50980377197266
4.60606050491333
4.53398036956787
4.41176462173462
4.55172395706177
4.692307472229
5
4.18181800842285
5
4.16666650772095
4.40000009536743
4.5238094329834
4.5
4.54545450210571
4.18181800842285
4.44067811965942
4.33333349227905
4.58333349227905
5
4.25
4.66666650772095
4.4642858505249
4.3125
4.09523820877075
4.42222213745117
4.3125
4.45762729644775
4.41403532028198
4.41176462173462
4.34482765197754
3
4.19999980926514
3.70000004768372
4.39344263076782
4
4.20731687545776
4.08333349227905
4.21999979019165
3.59999990463257
3.38888883590698
4.07142877578735
3.46666669845581
4.1538462638855
4.67415714263916
3.32500004768372
4.15897417068481
3.46236562728882
2.38095235824585
2.95454549789429
4.192307472229
3.38947367668152
2.96296286582947
4.24361515045166
4.28070163726807
4.34482765197754
4.55743265151978
4.72650384902954
4.35106372833252
3.62318849563599
4.12612628936768
1.92857146263123
4.15000009536743
4.68386030197144
